0.00206937873599276 1000 10000
0.000352288475668126 1000 1000
0.00206937873599276 1000 11500
0.00250961524675401 1000 13000
0.00357589185544495 1000 14500
0.00407293490185631 1000 16000
0.000144176927863686 1000 2500
0.000196293290962607 1000 4000
0.000759354396700422 1000 5500
0.00122183033862302 1000 7000
0.00142350505863651 1000 8500
4.29708562220692e-06 10600 10000
4.08806591745959e-06 10600 1000
4.29708562220692e-06 10600 11500
1.64213988729426e-05 10600 13000
3.99406506293284e-05 10600 14500
5.69144520773679e-05 10600 16000
8.6620284298335e-06 10600 2500
1.70251727399797e-05 10600 4000
0.000114510351141495 10600 5500
6.21330211497357e-05 10600 7000
1.75335658580852e-06 10600 8500
2.09599894136781e-05 12200 10000
1.70251727399797e-05 12200 1000
2.09599894136781e-05 12200 11500
6.65152043290579e-05 12200 13000
4.93373281830731e-05 12200 14500
6.90524352704897e-05 12200 16000
3.24547532346414e-05 12200 2500
6.65562167940188e-05 12200 4000
0.000186900506910313 12200 5500
0.000202802270129792 12200 7000
8.36304520199121e-06 12200 8500
6.52924326968492e-06 13800 10000
9.0653362606873e-06 13800 1000
6.52924326968492e-06 13800 11500
2.3221277497705e-05 13800 13000
1.66510861101137e-05 13800 14500
2.7025533542371e-05 13800 16000
5.36813736031151e-06 13800 2500
1.60669145577513e-05 13800 4000
0.000169508905656575 13800 5500
0.000309594401188897 13800 7000
2.90428480303513e-06 13800 8500
2.90198610391379e-06 15400 10000
2.24742276653996e-06 15400 1000
3.55523563455744e-06 15400 11500
1.28090078845245e-05 15400 13000
7.58456190712356e-06 15400 14500
1.31810899639555e-05 15400 16000
1.33019497177838e-06 15400 2500
5.38119351866307e-06 15400 4000
5.69144520773679e-05 15400 5500
9.70040729117796e-05 15400 7000
9.39242509737388e-07 15400 8500
1.58651140767476e-06 17000 10000
1.33019497177838e-06 17000 1000
1.87194575232259e-06 17000 11500
6.28341920531789e-06 17000 13000
3.58048497656789e-06 17000 14500
6.79270697906408e-06 17000 16000
7.87976985043153e-07 17000 2500
3.17152283080904e-06 17000 4000
3.12322794077164e-05 17000 5500
5.73419717060579e-05 17000 7000
7.15225750047793e-07 17000 8500
0.00464042285813535 2600 10000
0.000753880411650925 2600 1000
0.00464042285813535 2600 11500
0.00550913468751519 2600 13000
0.00415090617631929 2600 14500
0.00188307022780794 2600 16000
0.000208307970043944 2600 2500
0.000286169493954913 2600 4000
0.00172790676589835 2600 5500
0.00207601505713191 2600 7000
0.00298971858134546 2600 8500
0.0029439496431006 4200 10000
0.000229489343496295 4200 1000
0.0029439496431006 4200 11500
0.00399409260663322 4200 13000
0.0014450991150983 4200 14500
0.00150214118173029 4200 16000
0.000483471663584707 4200 2500
0.000583300386025401 4200 4000
0.00287072128444515 4200 5500
0.00377473505402663 4200 7000
0.00159883692463423 4200 8500
0.00150214118173029 5800 10000
0.000122058565902329 5800 1000
0.00150214118173029 5800 11500
0.00310326736164039 5800 13000
0.00111477263134772 5800 14500
0.000439401948954616 5800 16000
0.000254272908139739 5800 2500
0.000509101836184352 5800 4000
0.0016847994031789 5800 5500
0.00210077143677373 5800 7000
0.000822386923931598 5800 8500
0.00351503929637069 7400 10000
0.000254272908139739 7400 1000
0.00351503929637069 7400 11500
0.00608595339504903 7400 13000
0.00112962604085953 7400 14500
0.00110705820197354 7400 16000
0.000509101836184352 7400 2500
0.000983711111676484 7400 4000
0.00306426778976877 7400 5500
0.0019782503007525 7400 7000
0.00217259042312252 7400 8500
0.000419412580998576 9000 10000
0.000423300330599718 9000 1000
0.000419412580998576 9000 11500
0.0012520478112634 9000 13000
0.000185114863950539 9000 14500
0.000197837801283157 9000 16000
0.000761201625851823 9000 2500
0.00126526094070138 9000 4000
0.00126958002730873 9000 5500
0.000912572619842086 9000 7000
0.000175347889494211 9000 8500
