0.0123719604266675 1000 10000
0.000628156528062996 1000 1000
0.00457460390775828 1000 11500
0.012763988593562 1000 13000
0.0179264881013536 1000 14500
0.0179264881013536 1000 16000
0.000329227202217045 1000 2500
0.00083942796309713 1000 4000
0.00948980906793325 1000 5500
0.00948980906793325 1000 7000
0.00313772381171913 1000 8500
6.65562167940188e-05 10600 10000
4.59306215081635e-05 10600 1000
8.012764623336e-05 10600 11500
9.14054283325703e-05 10600 13000
3.3033371579744e-05 10600 14500
4.83788723926774e-05 10600 16000
0.000115386851964261 10600 2500
0.000234902251715119 10600 4000
0.000857616486641202 10600 5500
0.000857616486641202 10600 7000
2.09276816201206e-05 10600 8500
0.000103130405201509 12200 10000
5.74264771472989e-05 12200 1000
0.000123331856115964 12200 11500
0.000132317923128478 12200 13000
4.83788723926774e-05 12200 14500
6.30641415339848e-05 12200 16000
0.000134962461447179 12200 2500
0.000272310705193406 12200 4000
0.00111477263134772 12200 5500
0.00111477263134772 12200 7000
3.24547532346414e-05 12200 8500
0.000209341237572727 13800 10000
0.000272310705193406 13800 1000
0.000245586429489026 13800 11500
0.000453593338603287 13800 13000
0.0001021163071784 13800 14500
0.000175155133832707 13800 16000
0.000282365920226908 13800 2500
0.000817277445562573 13800 4000
0.00490173748846463 13800 5500
0.00490173748846463 13800 7000
6.77063159012165e-05 13800 8500
5.34331215740955e-05 15400 10000
5.82740152385816e-05 15400 1000
5.86837760109838e-05 15400 11500
8.89620154759286e-05 15400 13000
1.81612424512256e-05 15400 14500
3.1613924485829e-05 15400 16000
3.17436309301382e-05 15400 2500
0.000134774882876709 15400 4000
0.00123009218671257 15400 5500
0.00123009218671257 15400 7000
1.82625356274141e-05 15400 8500
2.09599894136781e-05 17000 10000
1.99337485872899e-05 17000 1000
2.57281555173648e-05 17000 11500
4.67276734441115e-05 17000 13000
9.77947969575994e-06 17000 14500
1.65394614204583e-05 17000 16000
1.11133754987762e-05 17000 2500
6.86093836976681e-05 17000 4000
0.0004542897331076 17000 5500
0.0004542897331076 17000 7000
6.71841145463465e-06 17000 8500
0.00164301963960017 2600 10000
0.000273294001618217 2600 1000
0.00117320069844721 2600 11500
0.00120576458022407 2600 13000
0.000654894529322571 2600 14500
0.000654894529322571 2600 16000
0.000161246755480243 2600 2500
0.00034831684098606 2600 4000
0.00236855194301276 2600 5500
0.00236855194301276 2600 7000
0.000533124855270486 2600 8500
0.000225362079568316 4200 10000
7.88504711619745e-05 4200 1000
0.000289323385590754 4200 11500
0.000541050705715462 4200 13000
0.000257734034457602 4200 14500
0.000257734034457602 4200 16000
0.000211260580793606 4200 2500
0.000374536350482004 4200 4000
0.0035365912906314 4200 5500
0.0035365912906314 4200 7000
7.13232566148127e-05 4200 8500
0.000352199212639377 5800 10000
8.88130485501888e-05 5800 1000
0.000423246720213339 5800 11500
0.000619866455372575 5800 13000
0.000304955505329946 5800 14500
0.000304955505329946 5800 16000
0.000254272908139739 5800 2500
0.000655780477576218 5800 4000
0.00261801887946634 5800 5500
0.00261801887946634 5800 7000
0.000149623734290425 5800 8500
0.000631442773833202 7400 10000
2.9060004345191e-05 7400 1000
0.000166726841222051 7400 11500
0.00036417530467401 7400 13000
7.57656510919325e-05 7400 14500
7.57656510919325e-05 7400 16000
8.20152118407858e-05 7400 2500
0.000216995837197159 7400 4000
0.00105422361886081 7400 5500
0.00105422361886081 7400 7000
0.000279727594142226 7400 8500
0.000117099597075508 9000 10000
1.63722829875524e-05 9000 1000
8.23022037388389e-05 9000 11500
4.69819251564212e-05 9000 13000
1.45566591081922e-05 9000 14500
1.80617386794694e-05 9000 16000
4.59306215081635e-05 9000 2500
0.000115386851964261 9000 4000
0.000457843096646705 9000 5500
0.000457843096646705 9000 7000
4.10337979593145e-05 9000 8500
