0.18931213563926 1000 10000
0.0921050882643294 1000 1000
0.227181052122596 1000 11500
0.227130237350533 1000 13000
0.251872697488394 1000 14500
0.251872697488394 1000 16000
0.109455570512542 1000 2500
0.119316673246033 1000 4000
0.13795589988961 1000 5500
0.167656760576476 1000 7000
0.18931213563926 1000 8500
0.0216624457051729 10600 10000
0.440850430763415 10600 1000
0.0216624457051729 10600 11500
0.0282687497961429 10600 13000
0.0299798634246839 10600 14500
0.0299798634246839 10600 16000
0.583122941519163 10600 2500
0.600176516417544 10600 4000
0.0187720585499743 10600 5500
0.0200461308263672 10600 7000
0.0199321659238533 10600 8500
0.0216624457051729 12200 10000
0.440850430763415 12200 1000
0.0216624457051729 12200 11500
0.0282687497961429 12200 13000
0.0299798634246839 12200 14500
0.0299798634246839 12200 16000
0.583122941519163 12200 2500
0.600176516417544 12200 4000
0.0187720585499743 12200 5500
0.0200461308263672 12200 7000
0.0199321659238533 12200 8500
0.0282687497961429 13800 10000
0.587980301396576 13800 1000
0.0282687497961429 13800 11500
0.0300436046740725 13800 13000
0.0298042868091527 13800 14500
0.0298042868091527 13800 16000
0.600176516417544 13800 2500
0.767266331737575 13800 4000
0.0199951522187108 13800 5500
0.0216624457051729 13800 7000
0.0252767720917611 13800 8500
0.0494485522706414 15400 10000
0.385358995185084 15400 1000
0.0494485522706414 15400 11500
0.0499736105440515 15400 13000
0.0499736105440515 15400 14500
0.0497495382579082 15400 16000
0.403440100767422 15400 2500
0.419471063965472 15400 4000
0.0329724812373641 15400 5500
0.043810939074655 15400 7000
0.0489668238945278 15400 8500
0.0497495382579082 17000 10000
0.407263794198987 17000 1000
0.0497495382579082 17000 11500
0.0497121870214408 17000 13000
0.0497121870214408 17000 14500
0.0495800021999066 17000 16000
0.464010098359014 17000 2500
0.585291130955351 17000 4000
0.0497961484417219 17000 5500
0.0499627513259252 17000 7000
0.0499736105440515 17000 8500
0.00837844423682089 2600 10000
0.18931213563926 2600 1000
0.00840072614233509 2600 11500
0.0101334850514151 2600 13000
0.010770990140523 2600 14500
0.010770990140523 2600 16000
0.227130237350533 2600 2500
0.251872697488394 2600 4000
0.00666193922644182 2600 5500
0.00836759624570167 2600 7000
0.00837844423682089 2600 8500
0.0107021978762115 4200 10000
0.251872697488394 4200 1000
0.0107349469294738 4200 11500
0.0127283311131352 4200 13000
0.0143370319581664 4200 14500
0.0143370319581664 4200 16000
0.275070592847395 4200 2500
0.300893608419853 4200 4000
0.00837844423682089 4200 5500
0.0101334850514151 4200 7000
0.010770990140523 4200 8500
0.0146641569723238 5800 10000
0.345029372660209 5800 1000
0.0146641569723238 5800 11500
0.0187720585499743 5800 13000
0.0199569846619523 5800 14500
0.0199569846619523 5800 16000
0.345926720420138 5800 2500
0.442929815817135 5800 4000
0.0107349469294738 5800 5500
0.0142282176116944 5800 7000
0.014263345468942 5800 8500
0.0146641569723238 7400 10000
0.345029372660209 7400 1000
0.0146641569723238 7400 11500
0.0187720585499743 7400 13000
0.0199569846619523 7400 14500
0.0199569846619523 7400 16000
0.416996208925436 7400 2500
0.439803108616175 7400 4000
0.0127283311131352 7400 5500
0.0142282176116944 7400 7000
0.014263345468942 7400 8500
0.0199569846619523 9000 10000
0.416996208925436 9000 1000
0.0199569846619523 9000 11500
0.0200461308263672 9000 13000
0.0199321659238533 9000 14500
0.0199321659238533 9000 16000
0.440850430763415 9000 2500
0.587980301396576 9000 4000
0.014263345468942 9000 5500
0.01684628262964 9000 7000
0.0187720585499743 9000 8500
