3.62106394155932e-06 1000 10000
0.000102532055476114 1000 1000
1.47973838337566e-05 1000 11500
5.65357977629821e-07 1000 13000
1.15566920871783e-06 1000 14500
1.15566920871783e-06 1000 16000
0.000102532055476114 1000 2500
0.000102532055476114 1000 4000
0.000102532055476114 1000 5500
3.62106394155932e-06 1000 7000
3.62106394155932e-06 1000 8500
5.7994340332148e-05 10600 10000
0.000119683741716506 10600 1000
0.00010298845009125 10600 11500
5.86409364882908e-06 10600 13000
1.18853965483047e-05 10600 14500
1.18853965483047e-05 10600 16000
0.000271330357354003 10600 2500
0.000271330357354003 10600 4000
0.000271330357354003 10600 5500
1.25358566431829e-05 10600 7000
5.7994340332148e-05 10600 8500
5.7994340332148e-05 12200 10000
0.000119683741716506 12200 1000
0.00010298845009125 12200 11500
5.86409364882908e-06 12200 13000
1.18853965483047e-05 12200 14500
1.18853965483047e-05 12200 16000
0.000271330357354003 12200 2500
0.000271330357354003 12200 4000
0.000271330357354003 12200 5500
1.25358566431829e-05 12200 7000
5.7994340332148e-05 12200 8500
0.000335905737484676 13800 10000
0.00101702380503419 13800 1000
0.000536383623132365 13800 11500
3.51628082113692e-05 13800 13000
5.53241392519744e-05 13800 14500
5.53241392519744e-05 13800 16000
0.00179022898413071 13800 2500
0.00179022898413071 13800 4000
0.00179022898413071 13800 5500
0.00010298845009125 13800 7000
0.000335905737484676 13800 8500
0.00202367927856755 15400 10000
0.00455031400199219 15400 1000
0.00181151489734951 15400 11500
0.000258870488668239 15400 13000
0.000258870488668239 15400 14500
0.000258870488668239 15400 16000
0.00604498400724264 15400 2500
0.00604498400724264 15400 4000
0.00604498400724264 15400 5500
0.000536383623132365 15400 7000
0.00120409955554364 15400 8500
0.00365692154055567 17000 10000
0.00604498400724264 17000 1000
0.00266105708911679 17000 11500
0.000310741511334788 17000 13000
0.000310741511334788 17000 14500
0.000310741511334788 17000 16000
0.00783686495947324 17000 2500
0.00783686495947324 17000 4000
0.00783686495947324 17000 5500
0.00120409955554364 17000 7000
0.00365692154055567 17000 8500
0.000119683741716506 2600 10000
0.00104057042667881 2600 1000
9.64336125396272e-05 2600 11500
3.69946112876743e-06 2600 13000
6.51499433908082e-06 2600 14500
6.51499433908082e-06 2600 16000
0.00104057042667881 2600 2500
0.00104057042667881 2600 4000
0.00104057042667881 2600 5500
4.77814837327383e-05 2600 7000
0.000119683741716506 2600 8500
0.000119683741716506 4200 10000
0.00104057042667881 4200 1000
9.64336125396272e-05 4200 11500
3.69946112876743e-06 4200 13000
6.51499433908082e-06 4200 14500
6.51499433908082e-06 4200 16000
0.00104057042667881 4200 2500
0.00104057042667881 4200 4000
0.00104057042667881 4200 5500
4.77814837327383e-05 4200 7000
0.000119683741716506 4200 8500
5.7994340332148e-05 5800 10000
0.000119683741716506 5800 1000
0.00010298845009125 5800 11500
5.86409364882908e-06 5800 13000
1.18853965483047e-05 5800 14500
1.18853965483047e-05 5800 16000
0.000271330357354003 5800 2500
0.000271330357354003 5800 4000
0.000271330357354003 5800 5500
1.25358566431829e-05 5800 7000
5.7994340332148e-05 5800 8500
5.7994340332148e-05 7400 10000
0.000119683741716506 7400 1000
0.00010298845009125 7400 11500
5.86409364882908e-06 7400 13000
1.18853965483047e-05 7400 14500
1.18853965483047e-05 7400 16000
0.000271330357354003 7400 2500
0.000271330357354003 7400 4000
0.000271330357354003 7400 5500
1.25358566431829e-05 7400 7000
5.7994340332148e-05 7400 8500
5.7994340332148e-05 9000 10000
0.000119683741716506 9000 1000
0.00010298845009125 9000 11500
5.86409364882908e-06 9000 13000
1.18853965483047e-05 9000 14500
1.18853965483047e-05 9000 16000
0.000271330357354003 9000 2500
0.000271330357354003 9000 4000
0.000271330357354003 9000 5500
1.25358566431829e-05 9000 7000
5.7994340332148e-05 9000 8500
