4.3963873048096e-05 1000 10000
0.000304071555079416 1000 1000
4.77891346083602e-05 1000 11500
8.46406022303127e-05 1000 13000
0.000121861190120306 1000 14500
0.00014114982261266 1000 16000
1.00128337532427e-05 1000 2500
1.57006532193759e-05 1000 4000
2.33137041622692e-05 1000 5500
2.81834591770676e-05 1000 7000
2.81834591770676e-05 1000 8500
0.000810334187703003 10600 10000
0.000192086588177151 10600 1000
0.000763783600715516 10600 11500
7.49092790082538e-05 10600 13000
2.08601124613491e-05 10600 14500
1.41207243613705e-05 10600 16000
0.000130516918293704 10600 2500
0.000241820987521341 10600 4000
0.000335084688096431 10600 5500
0.000446072534304522 10600 7000
0.000321438338167523 10600 8500
0.000301961345940594 12200 10000
9.49437103838989e-05 12200 1000
0.00019672922235179 12200 11500
2.34288383939546e-05 12200 13000
8.73847827425706e-06 12200 14500
6.00802562234155e-06 12200 16000
2.23979560460521e-05 12200 2500
9.67093859927112e-05 12200 4000
0.000201510129027443 12200 5500
0.000318003676223012 12200 7000
0.000157539059251597 12200 8500
0.000160878983272755 13800 10000
0.000166952691748316 13800 1000
0.000171548636407739 13800 11500
5.7810966438141e-06 13800 13000
1.38534310439535e-06 13800 14500
1.95341470972581e-06 13800 16000
1.00188430868126e-05 13800 2500
2.34481197335786e-05 13800 4000
4.90534047438177e-05 13800 5500
6.85989393312873e-05 13800 7000
9.83348044397377e-05 13800 8500
0.000202234140236349 15400 10000
0.000253125508174722 15400 1000
0.000231550750155 15400 11500
8.07219633439335e-06 15400 13000
1.95341470972581e-06 15400 14500
2.62488230731222e-06 15400 16000
1.42726061746017e-05 15400 2500
3.59340831683255e-05 15400 4000
6.85989393312873e-05 15400 5500
9.83348044397377e-05 15400 7000
0.00013976192885323 15400 8500
3.81555681405748e-05 17000 10000
0.000174047802697473 17000 1000
4.39378287991325e-05 17000 11500
1.55505683205584e-06 17000 13000
3.29417809309049e-07 17000 14500
4.50060178393092e-07 17000 16000
1.9816630091286e-06 17000 2500
5.94929228243398e-06 17000 4000
1.26384976988698e-05 17000 5500
1.84688367376878e-05 17000 7000
2.57640789331593e-05 17000 8500
0.000105210891262121 2600 10000
0.000548598013829859 2600 1000
0.000121861190120306 2600 11500
0.000220448968293196 2600 13000
0.00035380527218338 2600 14500
0.000196467990163171 2600 16000
2.11618645804053e-05 2600 2500
2.81834591770676e-05 2600 4000
4.77891346083602e-05 2600 5500
6.49805319701115e-05 2600 7000
7.00967042583316e-05 2600 8500
0.000219630813006317 4200 10000
0.000483223012631745 4200 1000
0.000230410580040951 4200 11500
0.000332637310335371 4200 13000
5.83867718422109e-05 4200 14500
2.65556292170817e-05 4200 16000
4.09053572904708e-05 4200 2500
6.05154821154808e-05 4200 4000
0.000103200077933265 4200 5500
0.000148435717149798 4200 7000
0.000172377798796783 4200 8500
0.000135445575219693 5800 10000
0.000192871104504061 5800 1000
0.000152311731363609 5800 11500
4.94815038456355e-05 5800 13000
1.42117616454203e-05 5800 14500
8.53900195354238e-06 5800 16000
5.92730216731034e-05 5800 2500
0.000145794345343303 5800 4000
0.000252916711157854 5800 5500
0.000304451972324753 5800 7000
9.10326820266615e-05 5800 8500
0.000177248316935795 7400 10000
0.000223254558812409 7400 1000
0.0001987456481519 7400 11500
7.07185305992627e-05 7400 13000
1.82207354456707e-05 7400 14500
8.10046081673807e-06 7400 16000
4.33199278669162e-05 7400 2500
4.92604409345676e-05 7400 4000
0.000290443993963841 7400 5500
0.000348512291698885 7400 7000
0.000115895483303686 7400 8500
0.000468110943696209 9000 10000
0.000690797593781146 9000 1000
0.000518625469232098 9000 11500
3.8009283543029e-05 9000 13000
1.2639868210315e-05 9000 14500
1.69649008825122e-05 9000 16000
0.000219878407395157 9000 2500
0.000295470672128318 9000 4000
0.000416842863960601 9000 5500
0.000514568514029245 9000 7000
0.000266445395320324 9000 8500
