6.7478609877178e-07 1000 10000
1.43789719487882e-06 1000 1000
8.15627796052515e-07 1000 11500
1.68052135979649e-06 1000 13000
1.68052135979649e-06 1000 14500
1.68052135979649e-06 1000 16000
1.9292073918018e-06 1000 2500
2.47794369185186e-06 1000 4000
2.83923966968978e-06 1000 5500
3.08630559932009e-07 1000 7000
3.9715387729077e-07 1000 8500
6.92392543630867e-10 10600 10000
1.43060144361596e-09 10600 1000
1.19307668642974e-09 10600 11500
5.24093190206879e-09 10600 13000
5.24093190206879e-09 10600 14500
5.24093190206879e-09 10600 16000
2.63433201415733e-09 10600 2500
4.56190259075075e-09 10600 4000
6.20451778869712e-09 10600 5500
8.38137558716757e-10 10600 7000
2.68390754190537e-10 10600 8500
2.12550787859247e-09 12200 10000
2.63433201415733e-09 12200 1000
3.36014704143773e-09 12200 11500
1.22763414037879e-08 12200 13000
1.22763414037879e-08 12200 14500
1.22763414037879e-08 12200 16000
4.56190259075075e-09 12200 2500
8.41122223553926e-09 12200 4000
1.3995432086997e-08 12200 5500
2.03354934028787e-09 12200 7000
6.92392543630867e-10 12200 8500
6.36568341732611e-09 13800 10000
8.41122223553926e-09 13800 1000
9.7517493467224e-09 13800 11500
3.26917338336896e-08 13800 13000
3.26917338336896e-08 13800 14500
3.88823468320183e-08 13800 16000
1.3995432086997e-08 13800 2500
3.03705898935603e-08 13800 4000
5.32476164858023e-08 13800 5500
7.75224617916714e-09 13800 7000
2.61014033526128e-09 13800 8500
1.89911988627417e-09 15400 10000
6.09642143011531e-09 15400 1000
2.79705419796089e-09 15400 11500
9.02077353318672e-09 15400 13000
9.02077353318672e-09 15400 14500
1.1323062908428e-08 15400 16000
1.03362151889758e-08 15400 2500
2.1715986073547e-09 15400 4000
3.29793645920013e-09 15400 5500
4.6009549804164e-10 15400 7000
8.83885451200839e-10 15400 8500
2.79705419796089e-09 17000 10000
7.75224617916714e-09 17000 1000
4.07929153992091e-09 17000 11500
1.32183478687487e-08 17000 13000
1.32183478687487e-08 17000 14500
1.54135367994821e-08 17000 16000
1.30428776214689e-08 17000 2500
3.29793645920013e-09 17000 4000
4.95038524825006e-09 17000 5500
7.03338032222805e-10 17000 7000
1.32732506983204e-09 17000 8500
9.82301537331878e-07 2600 10000
2.47794369185186e-06 2600 1000
1.17885923566839e-06 2600 11500
2.36456264961311e-06 2600 13000
2.36456264961311e-06 2600 14500
2.36456264961311e-06 2600 16000
3.28257086179592e-06 2600 2500
4.32664160876521e-06 2600 4000
5.59487866394668e-06 2600 5500
5.30919127349074e-07 2600 7000
6.7478609877178e-07 2600 8500
3.28958714947635e-08 4200 10000
5.51156869385945e-07 4200 1000
4.22746304656069e-08 4200 11500
1.29225195676499e-07 4200 13000
1.29225195676499e-07 4200 14500
1.29225195676499e-07 4200 16000
7.42574271683922e-07 4200 2500
1.0376839186612e-06 4200 4000
1.28378191122082e-07 4200 5500
1.14044094129658e-08 4200 7000
1.49939820181205e-08 4200 8500
8.41122223553926e-09 5800 10000
4.22746304656069e-08 5800 1000
1.0421994842824e-08 5800 11500
4.02480917768089e-08 5800 13000
4.02480917768089e-08 5800 14500
4.02480917768089e-08 5800 16000
7.34878534597878e-08 5800 2500
1.29225195676499e-07 5800 4000
1.8960231350182e-08 5800 5500
1.83838966638617e-09 5800 7000
3.6207532181933e-09 5800 8500
1.67858980744095e-09 7400 10000
4.24528509993177e-09 7400 1000
3.05961692251625e-09 7400 11500
1.24310093221659e-08 7400 13000
1.24310093221659e-08 7400 14500
1.24310093221659e-08 7400 16000
7.92059246234578e-09 7400 2500
1.3901772338926e-08 7400 4000
1.8960231350182e-08 7400 5500
2.63433201415733e-09 7400 7000
6.71563189963209e-10 7400 8500
3.05961692251625e-09 9000 10000
7.92059246234578e-09 9000 1000
5.47994798071106e-09 9000 11500
2.14099015414576e-08 9000 13000
2.14099015414576e-08 9000 14500
2.14099015414576e-08 9000 16000
1.3901772338926e-08 9000 2500
2.38476553315364e-08 9000 4000
3.34625130060267e-08 9000 5500
4.56190259075075e-09 9000 7000
1.20887466773693e-09 9000 8500
