0.000144183977036616 1000 10000
0.00341552135901318 1000 1000
0.000240770211050446 1000 11500
0.000575756982707151 1000 13000
0.000575756982707151 1000 14500
9.09843070623653e-05 1000 16000
0.00396439804110506 1000 2500
0.00493810695282447 1000 4000
0.00357310958105005 1000 5500
0.000185210908053126 1000 7000
7.95863046912822e-05 1000 8500
1.44263972257482e-05 10600 10000
0.000125485532292814 10600 1000
3.64685705778451e-05 10600 11500
2.03095907507411e-05 10600 13000
2.03095907507411e-05 10600 14500
3.373602567858e-06 10600 16000
0.000145549430931149 10600 2500
0.000185210908053126 10600 4000
0.000357594821679883 10600 5500
0.000357594821679883 10600 7000
8.27187272983044e-06 10600 8500
5.47245173484301e-05 12200 10000
0.000185210908053126 12200 1000
0.000119650509929274 12200 11500
6.72695310301441e-05 12200 13000
6.72695310301441e-05 12200 14500
1.18512276150511e-05 12200 16000
0.000258870488668239 12200 2500
0.000310741511334788 12200 4000
0.000765128990026251 12200 5500
0.000765128990026251 12200 7000
3.64685705778451e-05 12200 8500
0.000119650509929274 13800 10000
0.000258870488668239 13800 1000
0.000261797472585109 13800 11500
0.000133829391057954 13800 13000
0.000133829391057954 13800 14500
3.76720885571212e-05 13800 16000
0.000357594821679883 13800 2500
0.000452123220589577 13800 4000
0.000935943647537812 13800 5500
0.000935943647537812 13800 7000
8.62464645596107e-05 13800 8500
4.37588657948549e-05 15400 10000
0.000310741511334788 15400 1000
9.75271852449478e-05 15400 11500
5.04030435110125e-05 15400 13000
5.04030435110125e-05 15400 14500
1.39618502139851e-05 15400 16000
0.000635837857553242 15400 2500
0.000846630287839743 15400 4000
0.000959982143551238 15400 5500
0.000959982143551238 15400 7000
3.15139131892395e-05 15400 8500
9.75271852449478e-05 17000 10000
0.000357594821679883 17000 1000
0.000192648061047414 17000 11500
0.000102676992138174 17000 13000
0.000102676992138174 17000 14500
1.76370076407106e-05 17000 16000
0.000765128990026251 17000 2500
0.00110468342452551 17000 4000
0.00192740233478415 17000 5500
0.00192740233478415 17000 7000
6.72695310301441e-05 17000 8500
0.000452123220589577 2600 10000
0.00519156470857333 2600 1000
0.000635837857553242 2600 11500
0.000846630287839743 2600 13000
0.000846630287839743 2600 14500
0.000338284825820855 2600 16000
0.00626789413525323 2600 2500
0.00657266196387185 2600 4000
0.00829411767222579 2600 5500
0.000310741511334788 2600 7000
0.000357594821679883 2600 8500
5.76387180930633e-05 4200 10000
0.000125485532292814 4200 1000
7.22732300485503e-05 4200 11500
9.55075418329793e-05 4200 13000
9.55075418329793e-05 4200 14500
5.47245173484301e-05 4200 16000
0.000145549430931149 4200 2500
0.000185210908053126 4200 4000
0.000310741511334788 4200 5500
0.000310741511334788 4200 7000
3.92579986074322e-05 4200 8500
5.76387180930633e-05 5800 10000
0.000125485532292814 5800 1000
7.22732300485503e-05 5800 11500
0.000116898194274434 5800 13000
0.000116898194274434 5800 14500
8.62464645596107e-05 5800 16000
0.000145549430931149 5800 2500
0.000185210908053126 5800 4000
0.000310741511334788 5800 5500
0.000310741511334788 5800 7000
3.92579986074322e-05 5800 8500
5.76387180930633e-05 7400 10000
0.000125485532292814 7400 1000
7.22732300485503e-05 7400 11500
0.000116898194274434 7400 13000
0.000116898194274434 7400 14500
8.62464645596107e-05 7400 16000
0.000145549430931149 7400 2500
0.000185210908053126 7400 4000
0.000310741511334788 7400 5500
0.000310741511334788 7400 7000
3.92579986074322e-05 7400 8500
1.44263972257482e-05 9000 10000
0.000125485532292814 9000 1000
3.64685705778451e-05 9000 11500
0.000119650509929274 9000 13000
0.000119650509929274 9000 14500
2.03095907507411e-05 9000 16000
0.000145549430931149 9000 2500
0.000185210908053126 9000 4000
0.000357594821679883 9000 5500
0.000357594821679883 9000 7000
8.27187272983044e-06 9000 8500
